Output

CASO 10 Punti

Centroidi:
(-3.8212, -5.78493)
(-4.57955, 5.42108)
Cluster:
(-3.54769, -4.04248) -> 0
(-5.54063, 2.93299) -> 1
(-0.222459, -1.8501) -> 0
(-5.75519, -6.43216) -> 0
(-3.51682, 0.696472) -> 1
(-5.53426, -6.85545) -> 0
(1.12418, 5.35785) -> 1
(-8.3267, 7.05604) -> 1
(1.70881, -3.31232) -> 0
(-7.76195, 5.70419) -> 1
Tempo di elaborazione sequenziale: 0.000025 secondi


CASO 20 Punti

Centroidi:
(-6.07626, -6.77455)
(-1.18604, 1.28522)
Cluster:
(-3.54769, -4.04248) -> 0
(-5.54063, 2.93299) -> 1
(-0.222459, -1.8501) -> 1
(-5.75519, -6.43216) -> 0
(-3.51682, 0.696472) -> 1
(-5.53426, -6.85545) -> 0
(1.12418, 5.35785) -> 1
(-8.3267, 7.05604) -> 1
(1.70881, -3.31232) -> 1
(-7.76195, 5.70419) -> 1
(8.99625, -4.34928) -> 1
(-7.88853, -8.05076) -> 0
(-5.5348, -3.84489) -> 0
(8.52193, 3.29888) -> 1
(-8.73137, -4.76812) -> 0
(-1.20446, -0.489068) -> 1
(-8.57576, -7.65058) -> 0
(1.83471, -7.15798) -> 0
(-2.70913, -1.30594) -> 1
(-4.32888, -0.711923) -> 1
Tempo di elaborazione sequenziale: 0.000055 secondi


CASO 50 Punti

Centroidi:
(-3.14739, -4.60922)
(1.4584, 4.64774)
Cluster:
(-3.54769, -4.04248) -> 0
(-5.54063, 2.93299) -> 1
(-0.222459, -1.8501) -> 0
(-5.75519, -6.43216) -> 0
(-3.51682, 0.696472) -> 0
(-5.53426, -6.85545) -> 0
(1.12418, 5.35785) -> 1
(-8.3267, 7.05604) -> 1
(1.70881, -3.31232) -> 0
(-7.76195, 5.70419) -> 1
(8.99625, -4.34928) -> 1
(-7.88853, -8.05076) -> 0
(-5.5348, -3.84489) -> 0
(8.52193, 3.29888) -> 1
(-8.73137, -4.76812) -> 0
(-1.20446, -0.489068) -> 0
(-8.57576, -7.65058) -> 0
(1.83471, -7.15798) -> 0
(-2.70913, -1.30594) -> 0
(-4.32888, -0.711923) -> 0
(1.24529, 8.9211) -> 1
(1.28114, 3.08364) -> 1
(4.21009, -1.07775) -> 1
(-9.01683, 7.49712) -> 1
(-7.79474, -5.43359) -> 0
(5.77238, -6.79855) -> 0
(7.80014, 4.98107) -> 1
(0.0771777, 1.10719) -> 1
(-9.78733, 7.32934) -> 1
(5.56639, 5.6667) -> 1
(-7.33402, -4.23243) -> 0
(3.85867, -5.18741) -> 0
(8.74271, -8.65787) -> 0
(-8.7869, -5.21691) -> 0
(3.8001, -4.12688) -> 0
(4.92108, 7.5785) -> 1
(-7.43403, 0.394626) -> 0
(-0.815484, 8.74028) -> 1
(9.58205, 5.44067) -> 1
(-7.49673, -5.15685) -> 0
(0.189537, -3.74104) -> 0
(-0.868941, 7.55281) -> 1
(3.69774, 9.61719) -> 1
(-5.00516, -3.29126) -> 0
(6.53601, -9.37459) -> 0
(8.54687, -1.04503) -> 1
(-9.25153, -4.61775) -> 0
(6.61791, -1.92224) -> 1
(-6.68363, -2.86065) -> 0
(0.871443, 4.54467) -> 1
Tempo di elaborazione sequenziale: 0.000114 secondi

CASO 100 Punti

Centroidi:
(-3.87055, 2.52657)
(1.69026, -4.33938)
Cluster:
(-3.54769, -4.04248) -> 1
(-5.54063, 2.93299) -> 0
(-0.222459, -1.8501) -> 1
(-5.75519, -6.43216) -> 1
(-3.51682, 0.696472) -> 0
(-5.53426, -6.85545) -> 1
(1.12418, 5.35785) -> 0
(-8.3267, 7.05604) -> 0
(1.70881, -3.31232) -> 1
(-7.76195, 5.70419) -> 0
(8.99625, -4.34928) -> 1
(-7.88853, -8.05076) -> 1
(-5.5348, -3.84489) -> 0
(8.52193, 3.29888) -> 1
(-8.73137, -4.76812) -> 0
(-1.20446, -0.489068) -> 0
(-8.57576, -7.65058) -> 1
(1.83471, -7.15798) -> 1
(-2.70913, -1.30594) -> 0
(-4.32888, -0.711923) -> 0
(1.24529, 8.9211) -> 0
(1.28114, 3.08364) -> 0
(4.21009, -1.07775) -> 1
(-9.01683, 7.49712) -> 0
(-7.79474, -5.43359) -> 0
(5.77238, -6.79855) -> 1
(7.80014, 4.98107) -> 1
(0.0771777, 1.10719) -> 0
(-9.78733, 7.32934) -> 0
(5.56639, 5.6667) -> 0
(-7.33402, -4.23243) -> 0
(3.85867, -5.18741) -> 1
(8.74271, -8.65787) -> 1
(-8.7869, -5.21691) -> 0
(3.8001, -4.12688) -> 1
(4.92108, 7.5785) -> 0
(-7.43403, 0.394626) -> 0
(-0.815484, 8.74028) -> 0
(9.58205, 5.44067) -> 1
(-7.49673, -5.15685) -> 0
(0.189537, -3.74104) -> 1
(-0.868941, 7.55281) -> 0
(3.69774, 9.61719) -> 0
(-5.00516, -3.29126) -> 0
(6.53601, -9.37459) -> 1
(8.54687, -1.04503) -> 1
(-9.25153, -4.61775) -> 0
(6.61791, -1.92224) -> 1
(-6.68363, -2.86065) -> 0
(0.871443, 4.54467) -> 0
(-2.97406, 2.11048) -> 0
(7.58331, 8.95583) -> 0
(3.46649, -6.42185) -> 1
(-7.11852, 4.02722) -> 0
(7.69821, -7.12361) -> 1
(-3.30084, 2.17168) -> 0
(-0.957935, 9.08023) -> 0
(4.47371, 2.65082) -> 1
(7.64206, -7.09144) -> 1
(-7.24132, 7.32649) -> 0
(-5.21185, 2.32083) -> 0
(-3.95894, -9.34037) -> 1
(-0.481434, -3.8364) -> 1
(0.814806, 3.18339) -> 0
(-0.0459847, 8.5021) -> 0
(-9.98107, -3.45437) -> 0
(7.48494, 5.17495) -> 1
(-6.98164, 0.172526) -> 0
(9.80023, 6.47337) -> 1
(1.26964, -3.9466) -> 1
(-6.31553, -3.08858) -> 0
(-7.86723, 5.64766) -> 0
(-1.6091, 5.35087) -> 0
(9.49158, 1.5569) -> 1
(1.42939, -6.91507) -> 1
(-0.941234, -2.62294) -> 1
(-8.7148, -1.76153) -> 0
(-7.35539, -8.41082) -> 1
(-6.87137, -8.27035) -> 1
(1.59285, 3.10641) -> 0
(3.31816, 5.96561) -> 0
(-1.48326, 5.59252) -> 0
(5.75567, 6.7596) -> 0
(-8.10331, 1.78253) -> 0
(-6.48217, -5.73985) -> 1
(-6.59794, -2.12347) -> 0
(0.88151, -9.49881) -> 1
(-4.53656, 2.28354) -> 0
(-9.16852, -8.59895) -> 1
(-7.76827, 0.488911) -> 0
(-1.6855, 3.00175) -> 0
(-8.6144, -2.32497) -> 0
(-0.38059, 0.141184) -> 0
(-9.35231, -6.23062) -> 0
(-6.71757, -7.2753) -> 1
(-0.678574, 8.22237) -> 0
(6.54649, -9.46854) -> 1
(-8.9496, 9.04184) -> 0
(-8.06817, 8.69395) -> 0
(-6.02963, -6.51254) -> 1
Tempo di elaborazione sequenziale: 0.000336 secondi


CASO 500 Punti

Centroidi:
(-0.725648, 4.83828)
(-0.271414, -5.04095)
Cluster:
(-3.54769, -4.04248) -> 1
(-5.54063, 2.93299) -> 0
(-0.222459, -1.8501) -> 1
(-5.75519, -6.43216) -> 1
(-3.51682, 0.696472) -> 0
(-5.53426, -6.85545) -> 1
(1.12418, 5.35785) -> 0
(-8.3267, 7.05604) -> 0
(1.70881, -3.31232) -> 1
(-7.76195, 5.70419) -> 0
(8.99625, -4.34928) -> 1
(-7.88853, -8.05076) -> 1
(-5.5348, -3.84489) -> 1
(8.52193, 3.29888) -> 0
(-8.73137, -4.76812) -> 1
(-1.20446, -0.489068) -> 1
(-8.57576, -7.65058) -> 1
(1.83471, -7.15798) -> 1
(-2.70913, -1.30594) -> 1
(-4.32888, -0.711923) -> 1
(1.24529, 8.9211) -> 0
(1.28114, 3.08364) -> 0
(4.21009, -1.07775) -> 1
(-9.01683, 7.49712) -> 0
(-7.79474, -5.43359) -> 1
(5.77238, -6.79855) -> 1
(7.80014, 4.98107) -> 0
(0.0771777, 1.10719) -> 0
(-9.78733, 7.32934) -> 0
(5.56639, 5.6667) -> 0
(-7.33402, -4.23243) -> 1
(3.85867, -5.18741) -> 1
(8.74271, -8.65787) -> 1
(-8.7869, -5.21691) -> 1
(3.8001, -4.12688) -> 1
(4.92108, 7.5785) -> 0
(-7.43403, 0.394626) -> 0
(-0.815484, 8.74028) -> 0
(9.58205, 5.44067) -> 0
(-7.49673, -5.15685) -> 1
(0.189537, -3.74104) -> 1
(-0.868941, 7.55281) -> 0
(3.69774, 9.61719) -> 0
(-5.00516, -3.29126) -> 1
(6.53601, -9.37459) -> 1
(8.54687, -1.04503) -> 1
(-9.25153, -4.61775) -> 1
(6.61791, -1.92224) -> 1
(-6.68363, -2.86065) -> 1
(0.871443, 4.54467) -> 0
(-2.97406, 2.11048) -> 0
(7.58331, 8.95583) -> 0
(3.46649, -6.42185) -> 1
(-7.11852, 4.02722) -> 0
(7.69821, -7.12361) -> 1
(-3.30084, 2.17168) -> 0
(-0.957935, 9.08023) -> 0
(4.47371, 2.65082) -> 0
(7.64206, -7.09144) -> 1
(-7.24132, 7.32649) -> 0
(-5.21185, 2.32083) -> 0
(-3.95894, -9.34037) -> 1
(-0.481434, -3.8364) -> 1
(0.814806, 3.18339) -> 0
(-0.0459847, 8.5021) -> 0
(-9.98107, -3.45437) -> 1
(7.48494, 5.17495) -> 0
(-6.98164, 0.172526) -> 0
(9.80023, 6.47337) -> 0
(1.26964, -3.9466) -> 1
(-6.31553, -3.08858) -> 1
(-7.86723, 5.64766) -> 0
(-1.6091, 5.35087) -> 0
(9.49158, 1.5569) -> 0
(1.42939, -6.91507) -> 1
(-0.941234, -2.62294) -> 1
(-8.7148, -1.76153) -> 1
(-7.35539, -8.41082) -> 1
(-6.87137, -8.27035) -> 1
(1.59285, 3.10641) -> 0
(3.31816, 5.96561) -> 0
(-1.48326, 5.59252) -> 0
(5.75567, 6.7596) -> 0
(-8.10331, 1.78253) -> 0
(-6.48217, -5.73985) -> 1
(-6.59794, -2.12347) -> 1
(0.88151, -9.49881) -> 1
(-4.53656, 2.28354) -> 0
(-9.16852, -8.59895) -> 1
(-7.76827, 0.488911) -> 0
(-1.6855, 3.00175) -> 0
(-8.6144, -2.32497) -> 1
(-0.38059, 0.141184) -> 0
(-9.35231, -6.23062) -> 1
(-6.71757, -7.2753) -> 1
(-0.678574, 8.22237) -> 0
(6.54649, -9.46854) -> 1
(-8.9496, 9.04184) -> 0
(-8.06817, 8.69395) -> 0
(-6.02963, -6.51254) -> 1
(-7.3259, 9.14411) -> 0
(-7.08254, -6.27928) -> 1
(-6.34761, -5.78519) -> 1
(-8.85251, -3.91552) -> 1
(-5.04365, 0.368671) -> 0
(6.2812, -1.02511) -> 1
(-3.36966, 5.57569) -> 0
(-1.9646, 6.64954) -> 0
(8.63032, -9.05244) -> 1
(-7.56208, -9.63135) -> 1
(-4.04042, -6.85934) -> 1
(9.28919, 9.33758) -> 0
(6.15096, 0.920612) -> 0
(-5.92016, -2.48047) -> 1
(5.24763, 3.84939) -> 0
(-6.37464, -6.28418) -> 1
(-5.5763, 9.52503) -> 0
(9.56917, -1.16495) -> 1
(-5.73691, -1.60868) -> 1
(-7.02597, -1.95845) -> 1
(-9.35485, 4.91528) -> 0
(8.06122, 8.25381) -> 0
(-3.34061, 2.09359) -> 0
(3.75951, 0.476016) -> 0
(-2.67524, -3.80242) -> 1
(-5.04679, 4.50068) -> 0
(0.488693, 1.65072) -> 0
(-8.56666, 2.93242) -> 0
(3.84798, 9.84056) -> 0
(4.35635, 3.57157) -> 0
(0.467247, -9.30011) -> 1
(9.04134, 8.4931) -> 0
(-8.67783, 0.523473) -> 0
(-6.54793, -1.01314) -> 1
(0.00437334, 5.62525) -> 0
(-2.97612, 0.88968) -> 0
(0.210765, -4.34745) -> 1
(-9.04501, 4.12835) -> 0
(0.0859534, -5.68003) -> 1
(-4.47093, 6.15891) -> 0
(0.733237, 2.99008) -> 0
(-7.40801, -7.97527) -> 1
(-3.96895, -9.75799) -> 1
(0.448186, 4.62359) -> 0
(-5.52293, 8.18842) -> 0
(2.17694, -7.01155) -> 1
(-9.12846, 6.99925) -> 0
(5.63308, 1.32332) -> 0
(-9.85985, -9.80205) -> 1
(7.10192, 6.27463) -> 0
(-3.24657, 7.13591) -> 0
(-3.34933, 4.19889) -> 0
(-0.639975, -6.01708) -> 1
(-1.50214, 0.253633) -> 0
(5.54154, 1.94416) -> 0
(7.79116, -0.957952) -> 1
(-1.64935, -7.3177) -> 1
(-4.01627, -2.93175) -> 1
(6.58988, 8.05054) -> 0
(1.43947, 3.81656) -> 0
(8.16183, 2.15669) -> 0
(-5.45057, 0.0124639) -> 0
(-6.80308, 9.50194) -> 0
(9.84283, 4.18486) -> 0
(-9.07788, -0.334613) -> 0
(1.52375, 5.76712) -> 0
(3.92147, -6.41796) -> 1
(-0.0995306, -0.123797) -> 1
(-3.00905, -3.68956) -> 1
(8.43439, 8.70631) -> 0
(2.55277, 4.59463) -> 0
(6.669, -8.5754) -> 1
(3.58136, 7.36722) -> 0
(5.70904, 6.72068) -> 0
(-0.933389, -6.90472) -> 1
(-6.3928, -5.17923) -> 1
(6.58256, -8.43847) -> 1
(-0.281313, 8.97115) -> 0
(4.33531, 0.925494) -> 0
(-6.10994, 8.15256) -> 0
(2.63371, -0.54734) -> 1
(8.43169, -5.45585) -> 1
(3.41943, -4.04243) -> 1
(-7.62884, -3.49022) -> 1
(9.33524, 3.56336) -> 0
(-3.30863, -4.99739) -> 1
(-6.51565, -7.76016) -> 1
(-6.04167, -0.185403) -> 0
(8.4834, -1.04424) -> 1
(2.99891, -9.17026) -> 1
(0.801254, -3.25525) -> 1
(-5.24557, 2.79909) -> 0
(-9.73326, 7.96625) -> 0
(1.84442, -1.76598) -> 1
(-9.17648, 1.95725) -> 0
(3.12558, -9.8757) -> 1
(3.85373, -5.53087) -> 1
(-8.0149, 5.50002) -> 0
(4.81578, -3.06741) -> 1
(-3.95856, 8.59166) -> 0
(-4.59577, 0.727359) -> 0
(-9.01455, -4.69889) -> 1
(-5.51353, 7.26099) -> 0
(4.6265, 9.0381) -> 0
(9.00574, -2.85668) -> 1
(3.37093, 2.26701) -> 0
(-2.56133, -5.83498) -> 1
(4.34644, -3.55764) -> 1
(-1.86697, -9.87346) -> 1
(-3.91773, 0.969242) -> 0
(4.914, -8.74955) -> 1
(4.10182, -1.42433) -> 1
(1.16351, 5.06613) -> 0
(-1.34587, 9.86573) -> 0
(-7.30847, 8.84523) -> 0
(1.01567, 3.96508) -> 0
(-7.40681, -3.10425) -> 1
(7.78396, 3.71097) -> 0
(9.51911, -9.42621) -> 1
(7.21366, 3.24013) -> 0
(-5.46083, -8.36561) -> 1
(-5.80733, 4.19676) -> 0
(-3.71097, 9.50018) -> 0
(-8.47594, 3.76686) -> 0
(-9.55741, -2.34923) -> 1
(3.06689, 4.71019) -> 0
(-2.98628, -1.01595) -> 1
(7.76113, 2.55697) -> 0
(9.43637, 8.92977) -> 0
(-4.7191, -1.78463) -> 1
(5.57838, -9.40411) -> 1
(-3.00039, 1.4084) -> 0
(-2.12194, 9.71936) -> 0
(0.363054, -1.27026) -> 1
(-8.8483, 3.57845) -> 0
(3.22766, -8.76737) -> 1
(7.98886, 1.50223) -> 0
(-9.22948, 6.72562) -> 0
(6.50865, -6.71378) -> 1
(1.52432, 0.547605) -> 0
(8.83768, -5.99623) -> 1
(-8.75249, 4.33078) -> 0
(-6.87809, 6.54996) -> 0
(2.44934, -3.64359) -> 1
(3.7629, -8.72888) -> 1
(7.1901, -6.40816) -> 1
(3.61649, 4.37212) -> 0
(-6.85671, -3.47936) -> 1
(-6.90484, 1.12289) -> 0
(-9.35452, -6.80924) -> 1
(3.21429, 1.39425) -> 0
(5.52471, 5.09586) -> 0
(-3.89917, -2.17531) -> 1
(4.13649, -1.39095) -> 1
(8.93492, -3.8817) -> 1
(-4.98456, 9.17045) -> 0
(8.00632, -5.18604) -> 1
(0.357286, -6.18557) -> 1
(-8.11309, -2.91344) -> 1
(7.90066, 4.66153) -> 0
(6.98164, 1.10624) -> 0
(-1.7254, 3.51229) -> 0
(1.38844, -2.42044) -> 1
(8.776, -6.61485) -> 1
(1.90646, -7.67844) -> 1
(7.63538, 3.76328) -> 0
(5.42227, 5.01027) -> 0
(-6.89469, 6.36461) -> 0
(-6.04371, -0.0215898) -> 0
(0.264133, 6.81171) -> 0
(-6.48183, -1.42896) -> 1
(-6.699, -6.51266) -> 1
(-4.95674, -2.03313) -> 1
(3.18138, 9.76056) -> 0
(7.03236, -3.39112) -> 1
(5.70217, 3.17743) -> 0
(2.53528, 7.53835) -> 0
(-2.13884, -3.36529) -> 1
(8.74282, 1.28295) -> 0
(6.76055, 2.59098) -> 0
(6.16404, -6.66888) -> 1
(4.35245, 9.27685) -> 0
(0.246098, 3.00242) -> 0
(1.41741, -7.90834) -> 1
(5.70778, 4.24487) -> 0
(-1.4455, 5.682) -> 0
(-1.46602, 2.91109) -> 0
(-1.05637, 9.895) -> 0
(-2.83637, 4.40125) -> 0
(-8.07224, 8.6408) -> 0
(-3.39894, 8.37336) -> 0
(9.86589, -8.73573) -> 1
(1.61886, -1.27559) -> 1
(6.86572, 4.02099) -> 0
(-0.159994, -1.85472) -> 1
(-3.51564, 0.716645) -> 0
(6.79738, -2.01402) -> 1
(-7.84118, 2.97244) -> 0
(-9.42739, -7.08483) -> 1
(7.43176, 1.53894) -> 0
(-9.26603, 1.19415) -> 0
(-7.8229, 2.74936) -> 0
(-7.50013, 1.08136) -> 0
(-8.2243, -5.01479) -> 1
(6.81099, 0.958721) -> 0
(6.16661, 5.79433) -> 0
(7.29301, 4.04912) -> 0
(1.34979, -2.84751) -> 1
(-5.95859, -6.96696) -> 1
(6.19097, -2.61233) -> 1
(-0.74708, 5.90034) -> 0
(-1.56904, 6.30423) -> 0
(5.83952, 5.19226) -> 0
(-3.46047, 1.74794) -> 0
(0.401164, -7.60487) -> 1
(7.37053, 5.10435) -> 0
(-9.29795, 1.63699) -> 0
(-3.73798, -1.44024) -> 1
(8.74258, -6.8332) -> 1
(-3.72361, -6.23945) -> 1
(6.99952, 1.61477) -> 0
(5.83281, -5.33028) -> 1
(2.41662, -9.34073) -> 1
(-7.18821, 7.56244) -> 0
(2.16463, 9.59967) -> 0
(2.6574, -6.01823) -> 1
(-2.94869, -2.15644) -> 1
(-1.57443, 5.24005) -> 0
(-1.35536, -3.33046) -> 1
(5.94907, -6.40498) -> 1
(-4.22131, 6.59405) -> 0
(-0.906316, -7.95169) -> 1
(-6.32193, 7.26339) -> 0
(-9.10083, -6.66525) -> 1
(4.91393, -9.08463) -> 1
(-8.69409, -0.037549) -> 0
(-5.29813, 6.53385) -> 0
(9.41241, -8.2153) -> 1
(-7.32744, -9.38324) -> 1
(9.45649, 2.78268) -> 0
(-6.60789, 0.978584) -> 0
(1.26688, 7.73613) -> 0
(0.131478, 2.21424) -> 0
(-4.06567, 1.02676) -> 0
(4.02376, 9.10497) -> 0
(3.18566, -8.21926) -> 1
(9.27319, 1.04536) -> 0
(9.70839, 5.22149) -> 0
(-6.875, -9.97112) -> 1
(-4.79201, -1.01959) -> 1
(-4.38633, 9.69087) -> 0
(-2.06734, -7.3096) -> 1
(5.97312, -6.15708) -> 1
(-6.7951, 7.29446) -> 0
(-9.41179, 7.47511) -> 0
(4.55811, -2.82738) -> 1
(-1.84424, 4.93609) -> 0
(3.90912, 6.04222) -> 0
(-1.33946, 8.44038) -> 0
(7.69457, -3.6117) -> 1
(3.90259, -4.74227) -> 1
(-0.334192, 1.01867) -> 0
(-2.01001, -9.08625) -> 1
(5.10477, -3.79067) -> 1
(2.12665, 5.31366) -> 0
(-4.76219, 2.24953) -> 0
(-0.56436, -5.24164) -> 1
(4.84293, 3.73868) -> 0
(7.08344, 7.0784) -> 0
(9.85449, -6.14903) -> 1
(-4.48554, -4.76232) -> 1
(-4.09685, -8.28705) -> 1
(-4.54998, 1.61139) -> 0
(-5.64888, 0.397384) -> 0
(8.18575, -5.67593) -> 1
(7.04196, -1.70882) -> 1
(-7.13933, 7.42217) -> 0
(-8.03901, 0.0739709) -> 0
(-8.33526, 6.74888) -> 0
(0.856956, 1.18415) -> 0
(0.199204, 4.66973) -> 0
(-5.59112, -4.87354) -> 1
(4.59564, 7.28424) -> 0
(-8.31125, 5.5962) -> 0
(-0.442454, 5.30678) -> 0
(-9.73978, -2.69913) -> 1
(0.483352, -7.7016) -> 1
(-2.71153, -4.89675) -> 1
(-0.619776, -9.63132) -> 1
(4.62176, 4.17426) -> 0
(5.93057, 8.87299) -> 0
(-0.834011, -0.530578) -> 1
(-5.50107, 5.29909) -> 0
(5.76993, -4.15635) -> 1
(0.628047, 8.85454) -> 0
(-4.36119, 9.93476) -> 0
(7.5369, -1.6985) -> 1
(8.37705, -3.92498) -> 1
(9.56285, -0.444321) -> 1
(-1.44963, 1.86676) -> 0
(8.83801, 5.0637) -> 0
(-8.27255, -7.55677) -> 1
(-2.16144, -2.81934) -> 1
(-3.27342, -8.73818) -> 1
(3.03464, 6.54282) -> 0
(-7.74398, 5.54179) -> 0
(8.64962, 1.52994) -> 0
(-3.7521, 2.70582) -> 0
(2.72967, -4.43647) -> 1
(3.97617, -3.56435) -> 1
(4.42253, -3.74633) -> 1
(8.23485, -9.52667) -> 1
(9.10471, -4.60518) -> 1
(0.429777, 3.21884) -> 0
(-3.15227, -6.84678) -> 1
(5.33202, 1.68735) -> 0
(-9.55624, 4.74754) -> 0
(-0.150101, 7.99074) -> 0
(0.224389, -3.09758) -> 1
(1.31555, -7.455) -> 1
(-4.31598, -6.5146) -> 1
(-0.979566, 9.47579) -> 0
(-4.18316, -5.00907) -> 1
(8.2679, 4.154) -> 0
(-8.28302, -7.20661) -> 1
(-7.41848, 1.05087) -> 0
(7.94315, -8.71703) -> 1
(-6.50818, 0.743319) -> 0
(2.52932, 8.89163) -> 0
(-9.77534, -2.05348) -> 1
(-8.841, -5.51376) -> 1
(-1.06456, -4.38627) -> 1
(6.30076, -0.0118994) -> 1
(-1.51313, 0.866048) -> 0
(-8.80945, 7.82612) -> 0
(-7.70399, -4.01191) -> 1
(8.84071, -0.599042) -> 1
(2.01634, -0.973691) -> 1
(-6.84357, 0.590642) -> 0
(8.42489, -2.08833) -> 1
(-1.40613, 6.14715) -> 0
(-5.26681, 6.69629) -> 0
(-0.0385351, -1.94263) -> 1
(-2.0794, 9.00464) -> 0
(8.23883, 8.91202) -> 0
(-5.0735, 9.69297) -> 0
(-2.80399, 8.93361) -> 0
(-3.77532, -4.14599) -> 1
(8.56197, 3.80778) -> 0
(-8.17914, 6.94596) -> 0
(8.37967, 9.28808) -> 0
(-6.28823, 4.56197) -> 0
(-4.31497, -7.79612) -> 1
(3.6257, 0.707658) -> 0
(-6.86433, 0.46477) -> 0
(1.59747, 1.98283) -> 0
(5.89888, -7.66645) -> 1
(5.54118, 7.58169) -> 0
(8.82086, 8.91473) -> 0
(-5.17058, 3.74428) -> 0
(1.06747, -3.07305) -> 1
(-5.72339, 7.01499) -> 0
(-1.91815, 6.1799) -> 0
(-8.62238, 6.28282) -> 0
(-4.26195, -0.330105) -> 1
(-9.60796, -8.80052) -> 1
(7.13246, -9.38056) -> 1
(3.12585, -0.035816) -> 1
(2.58946, 7.53319) -> 0
(-0.920891, -3.2468) -> 1
(-3.50182, -3.08825) -> 1
(0.409283, -8.35054) -> 1
(1.62007, -1.45741) -> 1
(3.35927, 5.95318) -> 0
(-8.9149, 4.11072) -> 0
(-9.86099, 3.22169) -> 0
(-4.72988, -6.39436) -> 1
(4.17104, -3.31091) -> 1
(5.18438, 0.341311) -> 0
(4.4021, 7.91639) -> 0
(-5.06554, 4.41504) -> 0
(-7.88913, -4.61904) -> 1
(-5.96782, 0.212416) -> 0
(4.34057, 2.72877) -> 0
(3.28868, -7.70058) -> 1
(8.67784, -0.0561198) -> 1
(-6.87273, -3.14376) -> 1
(3.13068, 4.88653) -> 0
(-2.18859, 2.40137) -> 0
(3.2616, 1.952) -> 0
(-7.86836, 6.33768) -> 0
(9.34911, -8.77739) -> 1
(-3.58795, 4.71151) -> 0
(-6.88444, 6.90673) -> 0
(-4.17488, 2.41442) -> 0
(-9.2734, 5.2125) -> 0
(-9.44707, -3.33102) -> 1
(0.757552, -0.844082) -> 1
(-2.52313, 7.48778) -> 0
(7.68298, -5.0642) -> 1
Tempo di elaborazione sequenziale: 0.001308 secondi